1.000 0.000
0.000 -1.000

1.000 0.000
0.000 -1.000

1.000 0.000
0.000 -1.000

1.000 0.000
0.000 -1.000

1.000 0.000
0.000 -1.000

1.000 0.000
0.000 -1.000

0.000
0.125
0.000
0.125
0.000
0.125
0.000
0.125
0.000
0.125
0.000
0.125
0.000
0.125
0.000
0.125
0.000
0.125
0.000
0.125
0.000
0.125
0.000
0.125
0.000
0.125
0.000
0.125
0.000
0.125
0.000
0.125
0.000
0.125
0.000
0.125
0.000
0.125
0.000
0.125
0.000
0.125
0.000
0.125
0.000
0.125
0.000
0.125
0.000
0.125
0.000
0.125
0.000
0.125
0.000
0.125
0.000
0.125
0.000
0.125
0.000
0.125
0.000
0.125
0.000
0.125
0.000
0.125
0.000
0.125
0.000
0.125
0.000
0.125
0.000
0.125
0.000
0.125
0.000
0.125
0.000
0.125
0.000
0.125
0.000
0.125
0.000
0.125
0.000
0.125
0.000
0.125
0.000
0.125
0.000
0.125
0.000
0.125
0.000
0.125
0.000
0.125
0.000
0.125
0.000
0.125
0.000
0.125
0.000
0.125
0.000
0.125
0.000
0.125
0.000
0.125
0.000
0.125
0.000
0.125
0.000
0.125
0.000
0.125
0.000
0.125
0.000
0.125

4
5
6
2
3
0
